group,min,max,mean,median,count
1.0,0.00030803680419921875,1.8039567470550537,0.45611837640538944,0.37702906131744385,111
2.0,0.008842945098876953,1.0391573905944824,0.2160052677680706,0.07551193237304688,29
3.0,0.003657698631286621,1.3221993446350098,0.3874701720017653,0.17731523513793945,39
4.0,0.0013985633850097656,1.6235747337341309,0.1360078767726296,0.02787792682647705,38
5.0,0.0004482269287109375,1.0157482624053955,0.1949877335991658,0.08082735538482666,71
6.0,0.003601253032684326,1.9082355499267578,0.4392977148767502,0.25856876373291016,63
7.0,0.00891733169555664,1.9586539268493652,0.3039764290054639,0.06764614582061768,48
8.0,0.007037520408630371,2.27414870262146,0.4306543831731759,0.23539113998413086,51
9.0,0.11022353172302246,0.22166109085083008,0.16594231128692627,0.16594231128692627,2
